0010000000011101
0000100011001000 
0000001101001000
0100010010010101 
1000010001010110
0100010010000001
1000010001010100
0100010010000001 
1000010001010010
0100010010000001 
1000010001010000 
0100010010000001 
1000010001001110
0100010010000001 
1000010001001100 
0100010010000001
1000010001001010
0100010010000001
1000010000001000
0100010010000001 
1000010001000110
0100010010000001 
1000010001000100
0100000010000001
1111000010000000
0010000000100001
0100000010000010
1111000010000000
0010000000100001
0100000011000111
0100000100000110
0100000101001000
0010000000000001
0000000000001000
0000000000010000
0000000000011000
0000000000100000
0000000000101000
0000000000110000
1011000111000000
